1.183	0.003	0.048	0.014	0.304	0.05	0.017	0.016	0.015	0.016	0.027	0.03	0.028	0.014	0.015	0.01	0.013	0.012	0.01	0.011	0.01	0.014	0.012	0.016	0.009	0.01	0.009	0.01	0.03	0.017	0.013	0.015	0.014	0.012	0.009	0.087	0.01	0.01	0.011	0.008	0.002	0.003	0.005	0.002	0.005	0.011	0.014	0.011	0.008	0.014	0.001	0.026	0.021	0.005	0.004	0.007	0.008	0.013	0.025	0.009	0.011	0.007	0.000
0.000	1.058	0.001	0.000	0.001	0.000	0.013	0.002	0.001	0.000	0.000	0.000	0.001	0.000	0.000	0.000	0.000	0.000	0.000	0.000	0.000	0.002	0.000	0.001	0.000	0.000	0.000	0.000	0.000	0.000	0.000	0.000	0.000	0.000	0.000	0.000	0.000	0.000	0.000	0.000	0.000	0.000	0.000	0.000	0.000	0.000	0.000	0.000	0.000	0.000	0.000	0.000	0.001	0.000	0.000	0.000	0.000	0.000	0.001	0.000	0.000	0.000	0.000
0.000	0.000	1.014	0.000	0.004	0.000	0.000	0.000	0.000	0.000	0.000	0.000	0.000	0.000	0.000	0.000	0.000	0.000	0.000	0.000	0.000	0.000	0.000	0.000	0.000	0.000	0.000	0.000	0.000	0.000	0.000	0.001	0.000	0.000	0.000	0.002	0.000	0.000	0.000	0.000	0.000	0.000	0.000	0.000	0.000	0.000	0.000	0.000	0.000	0.000	0.000	0.000	0.000	0.000	0.000	0.000	0.000	0.000	0.000	0.000	0.000	0.000	0.000
0.075	0.022	0.101	1.12	0.076	0.052	0.065	0.141	0.081	0.637	0.169	0.066	0.086	0.172	0.142	0.07	0.05	0.068	0.057	0.064	0.047	0.059	0.053	0.29	0.075	0.06	0.056	0.047	0.049	0.031	0.085	0.2	0.291	0.053	0.042	0.042	0.033	0.022	0.028	0.022	0.011	0.008	0.016	0.008	0.02	0.037	0.041	0.034	0.03	0.046	0.004	0.071	0.031	0.021	0.015	0.032	0.038	0.026	0.031	0.027	0.031	0.027	0.000
0.128	0.005	0.198	0.036	1.403	0.057	0.029	0.033	0.023	0.038	0.067	0.07	0.036	0.032	0.039	0.021	0.019	0.023	0.019	0.021	0.018	0.024	0.024	0.043	0.02	0.019	0.016	0.019	0.035	0.023	0.039	0.038	0.03	0.028	0.022	0.233	0.02	0.014	0.019	0.012	0.004	0.004	0.01	0.004	0.009	0.017	0.026	0.018	0.016	0.022	0.002	0.063	0.019	0.008	0.008	0.017	0.019	0.019	0.016	0.027	0.021	0.015	0.000
0.01	0.002	0.021	0.009	0.01	1.504	0.085	0.047	0.094	0.009	0.023	0.014	0.035	0.013	0.011	0.013	0.011	0.011	0.011	0.023	0.015	0.071	0.01	0.006	0.006	0.011	0.009	0.012	0.015	0.011	0.007	0.007	0.008	0.006	0.006	0.008	0.01	0.007	0.006	0.007	0.003	0.002	0.003	0.003	0.006	0.007	0.018	0.009	0.01	0.014	0.001	0.007	0.012	0.003	0.002	0.008	0.006	0.008	0.015	0.007	0.012	0.012	0.000
0.006	0.001	0.008	0.004	0.011	0.005	1.25	0.066	0.013	0.004	0.007	0.009	0.009	0.008	0.008	0.009	0.007	0.008	0.007	0.01	0.009	0.112	0.008	0.007	0.004	0.006	0.024	0.006	0.008	0.003	0.005	0.004	0.004	0.004	0.003	0.005	0.007	0.003	0.004	0.004	0.001	0.001	0.002	0.002	0.004	0.008	0.005	0.007	0.005	0.006	0.000	0.004	0.007	0.002	0.001	0.006	0.004	0.004	0.005	0.003	0.011	0.004	0.000
0.013	0.005	0.017	0.017	0.034	0.017	0.057	1.317	0.167	0.017	0.023	0.019	0.036	0.021	0.027	0.02	0.017	0.026	0.02	0.023	0.018	0.032	0.019	0.015	0.017	0.024	0.016	0.019	0.021	0.012	0.021	0.016	0.016	0.024	0.019	0.023	0.068	0.02	0.015	0.016	0.012	0.007	0.012	0.005	0.032	0.024	0.016	0.037	0.031	0.018	0.003	0.026	0.053	0.01	0.009	0.01	0.026	0.027	0.029	0.021	0.017	0.009	0.000
0.003	0.002	0.003	0.006	0.006	0.006	0.023	0.018	1.047	0.006	0.008	0.008	0.007	0.006	0.007	0.006	0.005	0.006	0.006	0.007	0.006	0.01	0.006	0.005	0.007	0.007	0.006	0.008	0.005	0.004	0.009	0.006	0.006	0.01	0.007	0.006	0.019	0.012	0.008	0.007	0.011	0.006	0.009	0.002	0.014	0.01	0.005	0.013	0.013	0.007	0.001	0.01	0.026	0.005	0.004	0.003	0.006	0.018	0.022	0.013	0.007	0.006	0.000
0.077	0.027	0.119	0.09	0.047	0.031	0.039	0.048	0.039	1.163	0.164	0.037	0.058	0.054	0.055	0.033	0.028	0.034	0.031	0.032	0.026	0.032	0.033	0.061	0.024	0.033	0.033	0.038	0.029	0.021	0.092	0.338	0.488	0.045	0.036	0.026	0.017	0.014	0.014	0.013	0.006	0.005	0.011	0.004	0.011	0.021	0.024	0.022	0.015	0.041	0.002	0.091	0.02	0.01	0.006	0.014	0.015	0.013	0.015	0.018	0.021	0.013	0.000
0.085	0.014	0.054	0.076	0.088	0.114	0.13	0.155	0.131	0.107	1.391	0.173	0.312	0.1	0.087	0.08	0.102	0.105	0.074	0.09	0.085	0.1	0.091	0.053	0.037	0.054	0.049	0.059	0.037	0.019	0.044	0.046	0.064	0.029	0.025	0.031	0.034	0.023	0.02	0.024	0.008	0.006	0.011	0.009	0.023	0.039	0.07	0.031	0.036	0.039	0.003	0.032	0.038	0.011	0.009	0.043	0.026	0.021	0.026	0.026	0.03	0.023	0.000
0.01	0.001	0.005	0.006	0.017	0.006	0.006	0.008	0.006	0.006	0.037	1.138	0.041	0.013	0.006	0.005	0.005	0.006	0.005	0.006	0.005	0.007	0.005	0.004	0.003	0.004	0.004	0.004	0.004	0.002	0.004	0.003	0.004	0.003	0.002	0.004	0.003	0.002	0.002	0.003	0.001	0.001	0.001	0.001	0.002	0.004	0.017	0.008	0.008	0.004	0.000	0.003	0.005	0.001	0.002	0.094	0.007	0.002	0.002	0.002	0.003	0.002	0.000
0.02	0.008	0.025	0.021	0.038	0.034	0.05	0.051	0.034	0.02	0.044	0.061	1.162	0.054	0.05	0.063	0.047	0.077	0.063	0.092	0.049	0.049	0.044	0.018	0.018	0.028	0.053	0.048	0.021	0.011	0.028	0.017	0.02	0.021	0.017	0.016	0.018	0.015	0.015	0.015	0.007	0.005	0.008	0.005	0.019	0.03	0.031	0.022	0.022	0.025	0.002	0.017	0.037	0.007	0.006	0.014	0.016	0.014	0.017	0.017	0.02	0.011	0.000
0.018	0.003	0.014	0.026	0.025	0.011	0.029	0.014	0.011	0.02	0.028	0.016	0.026	1.14	0.046	0.029	0.025	0.037	0.026	0.031	0.027	0.028	0.023	0.014	0.018	0.019	0.072	0.016	0.014	0.006	0.01	0.012	0.015	0.009	0.007	0.012	0.008	0.006	0.006	0.007	0.002	0.002	0.003	0.006	0.006	0.02	0.013	0.009	0.008	0.012	0.001	0.009	0.012	0.004	0.003	0.007	0.007	0.007	0.009	0.011	0.01	0.004	0.000
0.029	0.01	0.035	0.062	0.047	0.04	0.069	0.062	0.051	0.059	0.131	0.085	0.138	0.09	1.617	0.302	0.132	0.281	0.227	0.22	0.14	0.188	0.141	0.05	0.044	0.11	0.088	0.085	0.042	0.02	0.047	0.037	0.053	0.037	0.027	0.022	0.032	0.021	0.022	0.032	0.008	0.006	0.011	0.013	0.025	0.09	0.074	0.035	0.036	0.058	0.003	0.029	0.035	0.014	0.008	0.042	0.02	0.021	0.024	0.019	0.052	0.015	0.000
0.028	0.012	0.038	0.033	0.036	0.032	0.061	0.055	0.048	0.032	0.055	0.036	0.09	0.062	0.16	1.326	0.094	0.166	0.326	0.216	0.124	0.098	0.141	0.036	0.044	0.067	0.099	0.078	0.035	0.017	0.041	0.033	0.039	0.033	0.025	0.019	0.027	0.019	0.022	0.026	0.007	0.006	0.01	0.01	0.024	0.048	0.065	0.034	0.029	0.058	0.003	0.025	0.035	0.011	0.007	0.018	0.017	0.022	0.023	0.019	0.037	0.012	0.000
0.005	0.003	0.011	0.009	0.007	0.006	0.008	0.008	0.01	0.008	0.009	0.015	0.013	0.011	0.012	0.017	1.122	0.039	0.019	0.049	0.062	0.015	0.034	0.014	0.009	0.01	0.016	0.019	0.009	0.005	0.008	0.007	0.032	0.008	0.01	0.005	0.043	0.012	0.026	0.049	0.005	0.003	0.005	0.002	0.009	0.015	0.024	0.015	0.017	0.015	0.001	0.01	0.01	0.007	0.009	0.009	0.011	0.014	0.01	0.008	0.022	0.004	0.000
0.009	0.003	0.024	0.013	0.011	0.009	0.013	0.015	0.012	0.012	0.016	0.011	0.023	0.017	0.029	0.035	0.103	1.219	0.064	0.073	0.088	0.027	0.055	0.02	0.013	0.016	0.029	0.031	0.013	0.006	0.012	0.01	0.031	0.013	0.009	0.008	0.013	0.009	0.012	0.015	0.003	0.002	0.004	0.003	0.008	0.021	0.028	0.013	0.012	0.028	0.001	0.01	0.012	0.004	0.003	0.006	0.007	0.01	0.011	0.007	0.04	0.005	0.000
0.01	0.004	0.013	0.018	0.021	0.017	0.019	0.033	0.033	0.017	0.026	0.028	0.044	0.025	0.062	0.056	0.046	0.066	1.187	0.106	0.123	0.03	0.088	0.016	0.019	0.028	0.031	0.045	0.015	0.008	0.02	0.015	0.038	0.017	0.014	0.01	0.013	0.01	0.01	0.012	0.004	0.003	0.005	0.003	0.012	0.028	0.037	0.015	0.014	0.054	0.002	0.014	0.016	0.005	0.003	0.009	0.008	0.008	0.009	0.009	0.015	0.006	0.000
0.006	0.003	0.008	0.012	0.008	0.007	0.015	0.01	0.009	0.012	0.022	0.009	0.018	0.033	0.017	0.026	0.025	0.03	0.039	1.121	0.037	0.015	0.05	0.009	0.009	0.043	0.02	0.135	0.011	0.004	0.013	0.012	0.012	0.012	0.008	0.004	0.007	0.005	0.005	0.006	0.001	0.001	0.003	0.002	0.004	0.013	0.02	0.008	0.008	0.019	0.001	0.007	0.006	0.004	0.002	0.004	0.004	0.004	0.004	0.005	0.006	0.003	0.000
0.002	0.001	0.018	0.003	0.002	0.002	0.003	0.003	0.002	0.003	0.003	0.002	0.003	0.003	0.003	0.004	0.007	0.003	0.004	0.006	1.135	0.007	0.018	0.003	0.002	0.002	0.002	0.004	0.003	0.002	0.006	0.005	0.07	0.009	0.005	0.001	0.003	0.003	0.002	0.003	0.001	0.001	0.001	0.000	0.002	0.002	0.009	0.002	0.007	0.017	0.000	0.009	0.003	0.001	0.001	0.001	0.002	0.002	0.004	0.002	0.002	0.001	0.000
0.006	0.001	0.006	0.007	0.007	0.014	0.055	0.011	0.01	0.007	0.02	0.031	0.016	0.009	0.011	0.011	0.017	0.011	0.011	0.024	0.012	1.145	0.01	0.006	0.006	0.007	0.015	0.018	0.009	0.004	0.007	0.007	0.007	0.007	0.005	0.007	0.02	0.006	0.005	0.006	0.002	0.002	0.003	0.002	0.008	0.011	0.012	0.018	0.008	0.009	0.001	0.006	0.01	0.003	0.003	0.041	0.009	0.01	0.015	0.01	0.013	0.004	0.000
0.026	0.007	0.019	0.018	0.014	0.013	0.011	0.013	0.018	0.014	0.01	0.008	0.01	0.013	0.012	0.01	0.01	0.013	0.015	0.012	0.02	0.011	1.016	0.019	0.023	0.017	0.014	0.011	0.01	0.007	0.013	0.012	0.011	0.014	0.01	0.007	0.016	0.013	0.013	0.008	0.002	0.002	0.004	0.002	0.006	0.009	0.009	0.015	0.009	0.017	0.001	0.008	0.013	0.005	0.002	0.013	0.007	0.006	0.007	0.009	0.009	0.005	0.000
0.094	0.026	0.152	0.104	0.117	0.082	0.118	0.217	0.127	0.12	0.154	0.099	0.136	0.176	0.191	0.112	0.089	0.113	0.084	0.098	0.074	0.097	0.078	1.518	0.206	0.111	0.063	0.065	0.05	0.064	0.087	0.067	0.105	0.058	0.051	0.083	0.072	0.048	0.075	0.038	0.02	0.014	0.028	0.014	0.042	0.051	0.071	0.058	0.077	0.052	0.007	0.062	0.049	0.044	0.035	0.059	0.091	0.056	0.065	0.052	0.06	0.086	0.000
0.005	0.001	0.007	0.001	0.002	0.002	0.002	0.003	0.002	0.002	0.002	0.002	0.003	0.003	0.005	0.002	0.001	0.002	0.002	0.002	0.001	0.002	0.001	0.002	1.004	0.003	0.001	0.001	0.001	0.001	0.001	0.001	0.001	0.001	0.001	0.002	0.001	0.001	0.003	0.001	0.001	0.000	0.001	0.000	0.001	0.001	0.001	0.001	0.001	0.001	0.000	0.001	0.001	0.004	0.001	0.003	0.003	0.003	0.002	0.005	0.001	0.001	0.000
0.024	0.02	0.022	0.074	0.041	0.034	0.041	0.055	0.039	0.064	0.058	0.038	0.05	0.044	0.149	0.057	0.035	0.054	0.049	0.052	0.041	0.045	0.039	0.041	0.106	1.204	0.051	0.032	0.025	0.015	0.024	0.031	0.041	0.02	0.016	0.024	0.019	0.015	0.014	0.015	0.005	0.004	0.007	0.006	0.013	0.031	0.026	0.025	0.018	0.024	0.002	0.031	0.033	0.062	0.009	0.018	0.021	0.025	0.027	0.011	0.019	0.012	0.000
0.023	0.011	0.014	0.025	0.023	0.019	0.022	0.025	0.027	0.028	0.025	0.022	0.024	0.027	0.025	0.022	0.02	0.022	0.022	0.023	0.027	0.021	0.037	0.036	0.032	0.034	1.311	0.02	0.021	0.016	0.034	0.026	0.024	0.027	0.024	0.022	0.023	0.019	0.028	0.021	0.011	0.007	0.01	0.02	0.018	0.079	0.017	0.03	0.02	0.022	0.003	0.023	0.024	0.036	0.013	0.027	0.038	0.026	0.038	0.016	0.016	0.012	0.000
0.005	0.002	0.014	0.011	0.006	0.007	0.009	0.008	0.009	0.009	0.01	0.006	0.01	0.015	0.01	0.012	0.011	0.014	0.018	0.038	0.021	0.009	0.021	0.009	0.011	0.018	0.012	1.042	0.007	0.004	0.009	0.008	0.009	0.008	0.006	0.004	0.008	0.006	0.006	0.005	0.001	0.001	0.002	0.001	0.004	0.008	0.009	0.008	0.006	0.02	0.001	0.005	0.007	0.003	0.001	0.003	0.004	0.004	0.004	0.011	0.005	0.003	0.000
0.064	0.021	0.096	0.056	0.145	0.1	0.096	0.094	0.085	0.096	0.128	0.093	0.107	0.097	0.118	0.091	0.083	0.104	0.102	0.099	0.091	0.111	0.076	0.049	0.036	0.059	0.06	0.078	1.087	0.038	0.044	0.087	0.112	0.039	0.032	0.074	0.071	0.031	0.082	0.039	0.02	0.028	0.089	0.012	0.027	0.042	0.053	0.07	0.034	0.062	0.007	0.105	0.044	0.014	0.01	0.041	0.026	0.029	0.035	0.03	0.04	0.021	0.000
0.011	0.004	0.022	0.012	0.029	0.016	0.014	0.011	0.009	0.011	0.017	0.021	0.012	0.009	0.011	0.012	0.011	0.014	0.017	0.016	0.013	0.016	0.011	0.007	0.005	0.006	0.007	0.008	0.006	1.004	0.006	0.016	0.009	0.005	0.004	0.012	0.008	0.004	0.005	0.005	0.001	0.001	0.002	0.001	0.003	0.005	0.008	0.01	0.005	0.007	0.001	0.007	0.006	0.002	0.002	0.018	0.005	0.005	0.006	0.004	0.006	0.003	0.000
0.049	0.059	0.059	0.093	0.096	0.063	0.083	0.099	0.065	0.106	0.1	0.058	0.083	0.089	0.09	0.062	0.052	0.072	0.063	0.067	0.054	0.07	0.054	0.1	0.037	0.059	0.041	0.054	0.081	0.051	1.159	0.132	0.104	0.176	0.277	0.038	0.049	0.026	0.028	0.026	0.011	0.011	0.028	0.006	0.023	0.033	0.038	0.048	0.026	0.062	0.004	0.174	0.034	0.017	0.019	0.024	0.023	0.023	0.025	0.029	0.033	0.02	0.000
0.002	0.004	0.005	0.003	0.004	0.003	0.004	0.004	0.002	0.004	0.004	0.002	0.003	0.003	0.004	0.002	0.002	0.003	0.002	0.003	0.002	0.003	0.002	0.003	0.001	0.002	0.002	0.002	0.003	0.002	0.005	1.01	0.008	0.012	0.008	0.002	0.002	0.001	0.002	0.001	0.000	0.000	0.001	0.000	0.001	0.001	0.002	0.002	0.001	0.004	0.000	0.067	0.001	0.001	0.000	0.001	0.001	0.001	0.001	0.001	0.001	0.001	0.000
0.001	0.001	0.003	0.001	0.001	0.001	0.001	0.001	0.001	0.002	0.001	0.001	0.001	0.002	0.001	0.001	0.001	0.001	0.001	0.001	0.001	0.001	0.001	0.002	0.001	0.001	0.001	0.001	0.002	0.001	0.002	0.007	1.005	0.004	0.003	0.001	0.001	0.002	0.002	0.001	0.002	0.002	0.001	0.000	0.001	0.001	0.001	0.001	0.001	0.002	0.000	0.095	0.001	0.001	0.000	0.000	0.001	0.001	0.001	0.011	0.001	0.000	0.000
0.035	0.017	0.047	0.096	0.085	0.065	0.069	0.1	0.066	0.109	0.098	0.056	0.081	0.096	0.091	0.063	0.053	0.073	0.066	0.068	0.055	0.069	0.055	0.093	0.037	0.063	0.041	0.058	0.097	0.067	0.187	0.158	0.146	1.215	0.299	0.035	0.055	0.025	0.028	0.028	0.011	0.011	0.031	0.006	0.024	0.033	0.037	0.049	0.026	0.077	0.003	0.097	0.034	0.014	0.01	0.021	0.02	0.022	0.024	0.032	0.036	0.02	0.000
0.002	0.002	0.002	0.006	0.003	0.004	0.003	0.004	0.003	0.006	0.004	0.002	0.004	0.004	0.004	0.003	0.003	0.003	0.002	0.003	0.003	0.003	0.003	0.006	0.016	0.01	0.003	0.003	0.003	0.002	0.006	0.007	0.006	0.013	1.03	0.002	0.004	0.006	0.008	0.003	0.003	0.002	0.003	0.001	0.002	0.002	0.002	0.004	0.002	0.003	0.001	0.006	0.004	0.006	0.002	0.001	0.003	0.003	0.003	0.005	0.004	0.005	0.000
0.019	0.008	0.023	0.054	0.027	0.034	0.054	0.038	0.028	0.06	0.031	0.022	0.029	0.036	0.034	0.024	0.025	0.03	0.024	0.025	0.028	0.03	0.047	0.072	0.049	0.027	0.03	0.036	0.029	0.019	0.044	0.066	0.062	0.06	0.046	1.024	0.051	0.03	0.056	0.017	0.007	0.008	0.023	0.006	0.014	0.018	0.016	0.03	0.021	0.023	0.006	0.231	0.038	0.016	0.02	0.016	0.018	0.021	0.016	0.015	0.058	0.04	0.000
0.005	0.002	0.006	0.05	0.007	0.006	0.005	0.011	0.011	0.03	0.011	0.005	0.007	0.011	0.009	0.005	0.005	0.006	0.005	0.005	0.005	0.006	0.005	0.015	0.007	0.005	0.004	0.006	0.007	0.004	0.006	0.013	0.017	0.005	0.007	0.004	1.024	0.009	0.009	0.005	0.002	0.002	0.003	0.001	0.004	0.004	0.004	0.07	0.004	0.007	0.001	0.009	0.008	0.003	0.001	0.003	0.003	0.006	0.004	0.003	0.007	0.003	0.000
0.002	0.001	0.003	0.003	0.005	0.003	0.003	0.004	0.004	0.004	0.004	0.003	0.004	0.004	0.004	0.003	0.008	0.003	0.003	0.003	0.003	0.003	0.004	0.003	0.003	0.003	0.002	0.003	0.006	0.006	0.002	0.004	0.004	0.002	0.002	0.005	0.005	1.252	0.071	0.007	0.001	0.001	0.002	0.001	0.002	0.002	0.003	0.045	0.002	0.006	0.001	0.005	0.003	0.001	0.001	0.002	0.002	0.006	0.038	0.006	0.004	0.002	0.000
0.007	0.003	0.02	0.015	0.023	0.014	0.02	0.026	0.021	0.015	0.021	0.015	0.024	0.033	0.035	0.024	0.029	0.02	0.018	0.02	0.018	0.018	0.018	0.012	0.033	0.019	0.013	0.015	0.01	0.018	0.011	0.011	0.013	0.011	0.012	0.021	0.012	0.009	1.19	0.014	0.003	0.003	0.007	0.005	0.008	0.014	0.013	0.012	0.01	0.011	0.002	0.014	0.011	0.012	0.006	0.01	0.015	0.015	0.023	0.011	0.014	0.011	0.000
0.017	0.008	0.02	0.034	0.031	0.029	0.027	0.032	0.036	0.035	0.033	0.03	0.033	0.032	0.03	0.029	0.044	0.033	0.034	0.043	0.047	0.031	0.034	0.042	0.047	0.031	0.026	0.039	0.039	0.036	0.025	0.029	0.032	0.029	0.031	0.024	0.107	0.041	0.054	1.181	0.061	0.043	0.06	0.008	0.077	0.037	0.035	0.057	0.034	0.036	0.01	0.051	0.045	0.021	0.011	0.021	0.022	0.029	0.032	0.053	0.062	0.016	0.000
0.028	0.016	0.023	0.027	0.034	0.03	0.03	0.032	0.031	0.029	0.034	0.026	0.032	0.03	0.035	0.031	0.027	0.032	0.031	0.03	0.029	0.031	0.029	0.034	0.034	0.033	0.033	0.039	0.038	0.043	0.026	0.031	0.031	0.025	0.024	0.032	0.029	0.024	0.027	0.026	1.103	0.179	0.061	0.031	0.021	0.025	0.021	0.031	0.022	0.031	0.008	0.043	0.026	0.032	0.011	0.017	0.031	0.034	0.037	0.074	0.027	0.021	0.000
0.009	0.002	0.004	0.006	0.007	0.005	0.005	0.006	0.005	0.006	0.006	0.005	0.005	0.005	0.006	0.005	0.005	0.005	0.005	0.005	0.005	0.005	0.005	0.006	0.008	0.008	0.008	0.01	0.007	0.006	0.012	0.015	0.009	0.009	0.007	0.006	0.006	0.007	0.005	0.005	0.006	1.049	0.006	0.006	0.008	0.008	0.004	0.007	0.007	0.018	0.001	0.009	0.008	0.004	0.002	0.006	0.005	0.006	0.008	0.005	0.006	0.004	0.000
0.018	0.009	0.016	0.014	0.024	0.022	0.019	0.021	0.022	0.016	0.024	0.018	0.02	0.025	0.019	0.018	0.019	0.02	0.021	0.017	0.034	0.024	0.017	0.015	0.012	0.013	0.015	0.022	0.03	0.016	0.013	0.022	0.016	0.013	0.011	0.015	0.028	0.012	0.035	0.017	0.131	0.28	1.071	0.009	0.01	0.011	0.014	0.024	0.01	0.021	0.003	0.016	0.014	0.008	0.004	0.008	0.009	0.013	0.014	0.05	0.012	0.007	0.000
0.016	0.008	0.023	0.03	0.031	0.041	0.034	0.035	0.044	0.03	0.033	0.025	0.035	0.033	0.031	0.034	0.029	0.032	0.033	0.032	0.029	0.036	0.034	0.042	0.028	0.029	0.027	0.048	0.037	0.077	0.035	0.03	0.051	0.039	0.037	0.061	0.034	0.048	0.037	0.031	0.028	0.047	0.031	1.017	0.037	0.028	0.024	0.045	0.033	0.038	0.008	0.056	0.034	0.019	0.018	0.025	0.041	0.035	0.054	0.032	0.05	0.05	0.000
0.04	0.02	0.048	0.062	0.057	0.066	0.058	0.072	0.067	0.061	0.064	0.067	0.063	0.063	0.064	0.061	0.071	0.066	0.067	0.071	0.084	0.062	0.074	0.057	0.057	0.068	0.087	0.069	0.07	0.064	0.061	0.061	0.062	0.084	0.063	0.049	0.104	0.064	0.073	0.108	0.04	0.024	0.041	0.027	1.14	0.145	0.062	0.089	0.123	0.063	0.016	0.099	0.096	0.04	0.024	0.049	0.058	0.068	0.078	0.112	0.084	0.035	0.000
0.014	0.005	0.018	0.029	0.026	0.03	0.027	0.031	0.031	0.028	0.035	0.067	0.038	0.03	0.027	0.029	0.039	0.034	0.035	0.059	0.059	0.03	0.036	0.023	0.022	0.029	0.04	0.037	0.032	0.024	0.023	0.023	0.027	0.028	0.02	0.021	0.049	0.029	0.027	0.054	0.011	0.008	0.017	0.012	0.075	1.074	0.041	0.041	0.059	0.029	0.007	0.023	0.038	0.01	0.01	0.027	0.023	0.027	0.036	0.025	0.029	0.016	0.000
0.002	0.001	0.002	0.004	0.004	0.003	0.003	0.003	0.003	0.004	0.006	0.021	0.008	0.004	0.003	0.004	0.006	0.005	0.006	0.018	0.014	0.004	0.005	0.003	0.002	0.003	0.004	0.006	0.003	0.002	0.002	0.002	0.004	0.002	0.002	0.002	0.005	0.003	0.002	0.004	0.002	0.001	0.001	0.001	0.007	0.005	1.014	0.006	0.004	0.004	0.001	0.004	0.002	0.001	0.001	0.003	0.002	0.002	0.002	0.002	0.003	0.001	0.000
0.01	0.003	0.012	0.012	0.034	0.023	0.014	0.025	0.018	0.015	0.02	0.016	0.017	0.016	0.015	0.014	0.016	0.017	0.016	0.016	0.017	0.021	0.015	0.011	0.009	0.011	0.01	0.025	0.033	0.021	0.01	0.014	0.015	0.011	0.01	0.015	0.029	0.05	0.026	0.025	0.011	0.009	0.012	0.003	0.012	0.01	0.013	1.032	0.013	0.022	0.003	0.05	0.015	0.006	0.005	0.007	0.006	0.01	0.013	0.011	0.015	0.007	0.000
0.016	0.003	0.01	0.016	0.017	0.018	0.016	0.018	0.019	0.016	0.018	0.019	0.017	0.017	0.016	0.016	0.021	0.018	0.018	0.02	0.024	0.017	0.019	0.014	0.014	0.017	0.025	0.018	0.019	0.016	0.014	0.014	0.016	0.017	0.013	0.014	0.03	0.026	0.018	0.034	0.021	0.013	0.014	0.008	0.044	0.045	0.018	0.026	1.038	0.016	0.004	0.016	0.026	0.007	0.01	0.016	0.016	0.018	0.024	0.021	0.018	0.01	0.000
0.02	0.008	0.024	0.097	0.034	0.031	0.035	0.041	0.04	0.069	0.043	0.034	0.039	0.045	0.04	0.037	0.034	0.034	0.036	0.036	0.032	0.033	0.039	0.052	0.041	0.043	0.051	0.035	0.038	0.03	0.053	0.06	0.056	0.043	0.043	0.031	0.046	0.089	0.053	0.036	0.008	0.008	0.018	0.006	0.027	0.036	0.024	0.042	0.023	1.063	0.009	0.044	0.034	0.011	0.009	0.025	0.021	0.03	0.034	0.028	0.025	0.016	0.000
0.005	0.002	0.006	0.009	0.01	0.012	0.014	0.012	0.014	0.009	0.011	0.009	0.013	0.011	0.012	0.015	0.012	0.013	0.015	0.011	0.011	0.013	0.015	0.009	0.007	0.01	0.013	0.013	0.015	0.009	0.009	0.009	0.009	0.01	0.007	0.008	0.015	0.011	0.007	0.015	0.004	0.005	0.013	0.003	0.013	0.01	0.009	0.012	0.015	0.012	1.003	0.021	0.014	0.004	0.006	0.006	0.006	0.009	0.011	0.013	0.011	0.005	0.000
0.002	0.001	0.004	0.009	0.004	0.004	0.004	0.005	0.004	0.008	0.005	0.003	0.005	0.011	0.005	0.004	0.005	0.009	0.004	0.005	0.006	0.004	0.005	0.01	0.004	0.005	0.004	0.004	0.005	0.004	0.007	0.079	0.058	0.011	0.01	0.007	0.004	0.009	0.021	0.003	0.001	0.001	0.002	0.001	0.002	0.003	0.005	0.004	0.003	0.01	0.000	1.306	0.003	0.002	0.001	0.002	0.002	0.004	0.004	0.003	0.006	0.002	0.000
0.024	0.019	0.024	0.072	0.036	0.049	0.036	0.048	0.041	0.059	0.042	0.034	0.037	0.046	0.049	0.038	0.034	0.039	0.038	0.038	0.042	0.038	0.051	0.051	0.086	0.079	0.048	0.047	0.037	0.036	0.047	0.053	0.059	0.073	0.049	0.033	0.05	0.058	0.056	0.037	0.012	0.01	0.023	0.011	0.03	0.033	0.029	0.063	0.041	0.07	0.012	0.079	1.071	0.061	0.02	0.031	0.055	0.057	0.055	0.04	0.079	0.022	0.000
0.001	0.003	0.002	0.004	0.002	0.003	0.002	0.004	0.003	0.009	0.003	0.002	0.003	0.003	0.003	0.002	0.002	0.002	0.002	0.003	0.004	0.002	0.002	0.004	0.005	0.005	0.001	0.003	0.002	0.003	0.002	0.005	0.005	0.003	0.011	0.001	0.003	0.002	0.011	0.002	0.001	0.001	0.002	0.001	0.002	0.002	0.004	0.002	0.004	0.002	0.000	0.003	0.003	1.01	0.005	0.001	0.004	0.004	0.003	0.001	0.002	0.002	0.000
0.003	0.001	0.004	0.007	0.007	0.01	0.007	0.007	0.007	0.007	0.007	0.008	0.007	0.007	0.007	0.007	0.009	0.007	0.007	0.008	0.01	0.007	0.008	0.006	0.009	0.007	0.007	0.009	0.007	0.006	0.006	0.014	0.008	0.007	0.007	0.005	0.009	0.008	0.008	0.009	0.002	0.002	0.004	0.001	0.01	0.007	0.006	0.009	0.009	0.007	0.037	0.007	0.011	0.004	1.016	0.005	0.008	0.008	0.012	0.033	0.018	0.006	0.000
0.003	0.002	0.003	0.017	0.005	0.004	0.004	0.006	0.004	0.011	0.005	0.004	0.004	0.005	0.005	0.004	0.003	0.004	0.004	0.004	0.005	0.005	0.005	0.007	0.007	0.008	0.004	0.004	0.004	0.004	0.004	0.006	0.007	0.005	0.005	0.003	0.007	0.006	0.005	0.005	0.002	0.001	0.002	0.001	0.005	0.003	0.004	0.064	0.009	0.004	0.001	0.007	0.021	0.005	0.008	1.06	0.065	0.006	0.004	0.007	0.006	0.003	0.000
0.002	0.001	0.002	0.003	0.004	0.004	0.002	0.004	0.003	0.003	0.003	0.003	0.003	0.003	0.003	0.002	0.003	0.003	0.003	0.003	0.004	0.003	0.003	0.003	0.003	0.003	0.002	0.003	0.004	0.003	0.003	0.003	0.003	0.003	0.002	0.003	0.008	0.01	0.004	0.005	0.002	0.001	0.002	0.001	0.005	0.003	0.003	0.082	0.017	0.004	0.001	0.006	0.017	0.002	0.005	0.021	1.088	0.044	0.013	0.003	0.004	0.002	0.000
0.003	0.001	0.005	0.008	0.008	0.012	0.006	0.013	0.017	0.013	0.007	0.008	0.007	0.007	0.006	0.005	0.006	0.006	0.004	0.005	0.007	0.006	0.008	0.009	0.006	0.005	0.005	0.008	0.005	0.008	0.009	0.01	0.009	0.007	0.01	0.01	0.024	0.106	0.022	0.011	0.002	0.002	0.004	0.002	0.005	0.004	0.004	0.016	0.007	0.008	0.002	0.009	0.009	0.002	0.002	0.003	0.003	1.331	0.101	0.008	0.023	0.007	0.000
0.003	0.001	0.003	0.007	0.005	0.008	0.005	0.008	0.013	0.007	0.005	0.004	0.005	0.005	0.004	0.003	0.004	0.004	0.003	0.004	0.005	0.005	0.006	0.006	0.005	0.005	0.004	0.006	0.004	0.006	0.005	0.007	0.007	0.005	0.006	0.011	0.013	0.1	0.016	0.005	0.001	0.001	0.003	0.001	0.003	0.003	0.003	0.016	0.005	0.019	0.002	0.007	0.006	0.001	0.001	0.002	0.003	0.099	1.246	0.025	0.017	0.028	0.000
0.006	0.000	0.003	0.004	0.003	0.002	0.002	0.003	0.002	0.005	0.002	0.002	0.002	0.002	0.002	0.001	0.001	0.002	0.001	0.001	0.002	0.002	0.003	0.007	0.005	0.002	0.002	0.002	0.001	0.001	0.002	0.003	0.003	0.002	0.008	0.002	0.002	0.001	0.004	0.001	0.000	0.000	0.001	0.000	0.001	0.001	0.001	0.002	0.001	0.002	0.000	0.002	0.003	0.001	0.000	0.001	0.001	0.001	0.001	1.002	0.003	0.001	0.000
0.001	0.001	0.001	0.003	0.001	0.002	0.002	0.002	0.002	0.003	0.002	0.002	0.002	0.002	0.002	0.002	0.002	0.002	0.001	0.002	0.002	0.002	0.002	0.007	0.003	0.002	0.002	0.002	0.001	0.001	0.002	0.002	0.002	0.002	0.003	0.001	0.002	0.008	0.004	0.002	0.000	0.000	0.001	0.000	0.001	0.001	0.001	0.002	0.001	0.012	0.000	0.005	0.002	0.003	0.000	0.002	0.001	0.001	0.001	0.001	1.004	0.001	0.000
0.001	0.000	0.001	0.002	0.001	0.002	0.001	0.001	0.001	0.002	0.001	0.001	0.001	0.001	0.001	0.001	0.001	0.001	0.001	0.001	0.001	0.002	0.001	0.001	0.005	0.004	0.001	0.001	0.001	0.001	0.002	0.002	0.002	0.003	0.002	0.001	0.002	0.012	0.002	0.001	0.000	0.000	0.001	0.000	0.001	0.001	0.002	0.009	0.003	0.007	0.012	0.002	0.005	0.001	0.002	0.005	0.003	0.002	0.002	0.01	0.001	1.044	0.000
0.000	0.000	0.000	0.000	0.000	0.000	0.000	0.000	0.000	0.000	0.000	0.000	0.000	0.000	0.000	0.000	0.000	0.000	0.000	0.000	0.000	0.000	0.000	0.000	0.000	0.000	0.000	0.000	0.000	0.000	0.000	0.000	0.000	0.000	0.000	0.000	0.000	0.000	0.000	0.000	0.000	0.000	0.000	0.000	0.000	0.000	0.000	0.000	0.000	0.000	0.000	0.000	0.000	0.000	0.000	0.000	0.000	0.000	0.000	0.000	0.000	0.000	1.000
